Condition 1:

[5, 83, 59, 38, 72, 90, 67, 26, 14, 43]
[15, 39, 92, 47, 21, 57, 51, 81, 97, 61]
[85, 82, 42, 66, 29, 27, 55, 23, 17, 93]
[44, 88, 78, 28, 45, 12, 76, 37, 95, 91]
[98, 89, 40, 84, 62, 71, 79, 48, 68, 22]
[54, 50, 9, 3, 41, 32, 18, 100, 35, 94]
[63, 86, 69, 8, 52, 24, 60, 13, 65, 33]
[75, 25, 1, 36, 31, 20, 49, 53, 80, 46]
[73, 58, 4, 7, 96, 11, 56, 30, 77, 64]
[70, 16, 87, 6, 99, 10, 34, 19, 74, 2]

Condition 2:

[77, 8, 44, 94, 21, 2, 91, 68, 26, 19]
[59, 74, 98, 3, 28, 62, 33, 23, 78, 53]
[37, 48, 11, 58, 81, 18, 97, 51, 56, 1]
[70, 22, 32, 63, 12, 52, 75, 15, 40, 86]
[50, 66, 13, 38, 55, 46, 29, 95, 85, 83]
[67, 90, 79, 88, 96, 64, 6, 34, 100, 30]
[27, 92, 61, 73, 7, 82, 60, 35, 93, 16]
[87, 39, 84, 72, 43, 17, 80, 76, 36, 99]
[4, 71, 45, 24, 65, 20, 57, 10, 89, 31]
[47, 14, 41, 25, 42, 49, 54, 5, 69, 9]
    
Condition 3: 

[3, 60, 43, 8, 71, 28, 84, 49, 91, 31]
[22, 48, 15, 5, 94, 65, 32, 42, 78, 53]
[36, 85, 16, 21, 72, 89, 77, 37, 11, 96]
[46, 54, 19, 63, 81, 41, 93, 7, 1, 59]
[100, 70, 73, 83, 24, 55, 2, 62, 35, 29]
[98, 4, 9, 38, 58, 87, 56, 47, 51, 69]
[10, 75, 88, 27, 44, 61, 13, 34, 18, 92]
[64, 33, 39, 57, 25, 74, 23, 20, 80, 14]
[26, 67, 17, 6, 52, 40, 79, 99, 30, 45]
[95, 97, 82, 12, 86, 90, 76, 66, 68, 50]
    
Condition 4:

[92, 99, 78, 68, 28, 3, 18, 16, 47, 84]
[54, 31, 50, 19, 89, 60, 88, 35, 45, 79]
[48, 91, 21, 41, 82, 95, 97, 12, 59, 5]
[24, 86, 44, 94, 90, 58, 72, 51, 14, 9]
[85, 17, 43, 33, 10, 70, 46, 63, 98, 83]
[87, 61, 34, 42, 25, 4, 73, 65, 81, 37]
[74, 96, 8, 100, 40, 1, 30, 52, 62, 15]
[66, 49, 38, 6, 27, 2, 55, 80, 57, 20]
[64, 23, 56, 75, 71, 67, 77, 11, 26, 36]
[53, 32, 29, 69, 76, 93, 22, 39, 7, 13]

Condition 5:

[59, 83, 34, 46, 1, 11, 6, 73, 89, 21]
[69, 86, 31, 14, 24, 36, 47, 62, 26, 55]
[66, 49, 40, 70, 12, 32, 4, 85, 17, 79]
[68, 95, 53, 23, 72, 48, 97, 13, 84, 50]
[57, 75, 2, 77, 18, 5, 81, 29, 51, 99]
[64, 78, 9, 60, 87, 43, 16, 7, 37, 54]
[28, 22, 100, 90, 71, 76, 20, 45, 35, 88]
[15, 41, 30, 63, 91, 67, 74, 33, 10, 3]
[38, 96, 44, 8, 98, 92, 25, 58, 19, 52]
[93, 27, 61, 80, 82, 94, 65, 56, 42, 39]

Condition 6:

[68, 53, 95, 85, 32, 21, 5, 26, 50, 15]
[37, 52, 76, 59, 94, 99, 27, 81, 71, 34]
[13, 83, 9, 43, 70, 23, 86, 8, 63, 18]
[87, 89, 11, 66, 100, 20, 35, 72, 41, 64]
[7, 97, 38, 54, 61, 48, 69, 33, 65, 60]
[74, 77, 30, 17, 55, 82, 1, 16, 39, 93]
[92, 19, 25, 84, 3, 24, 80, 31, 46, 40]
[45, 75, 29, 88, 51, 6, 96, 91, 2, 12]
[57, 44, 73, 79, 28, 22, 62, 67, 47, 4]
[56, 58, 49, 98, 78, 10, 14, 36, 90, 42]

Condition 7:

[56, 5, 36, 77, 73, 72, 90, 17, 15, 66]
[34, 88, 12, 95, 37, 3, 79, 69, 41, 82]
[22, 9, 47, 83, 99, 39, 60, 52, 68, 53]
[33, 43, 26, 6, 16, 49, 78, 64, 1, 75]
[92, 70, 11, 51, 2, 8, 81, 87, 94, 31]
[32, 80, 55, 21, 25, 96, 62, 98, 40, 18]
[59, 35, 29, 14, 91, 19, 45, 24, 44, 67]
[28, 23, 54, 4, 30, 63, 97, 86, 42, 84]
[93, 71, 10, 89, 20, 50, 38, 100, 46, 65]
[7, 58, 76, 74, 48, 13, 27, 61, 85, 57]

Condition 8:

[7, 70, 4, 50, 58, 97, 80, 20, 83, 42]
[26, 99, 91, 81, 5, 63, 37, 3, 45, 32]
[72, 82, 23, 96, 44, 67, 19, 75, 60, 79]
[41, 74, 13, 31, 40, 87, 27, 10, 33, 66]
[14, 55, 6, 47, 38, 35, 95, 11, 1, 71]
[78, 53, 90, 49, 9, 98, 43, 76, 64, 21]
[52, 16, 94, 77, 57, 30, 17, 92, 48, 24]
[65, 69, 88, 61, 93, 89, 28, 73, 39, 8]
[12, 2, 85, 84, 59, 18, 54, 25, 22, 15]
[68, 51, 62, 29, 100, 46, 56, 36, 34, 86]
    
